((("20000" .
   [1 0 0 0 0])
  ("10" .
   [1 0])
  ("5000" .
   [1 0 0 0])
  ("2000" .
   [2 0 0 0])
  ("snpDis" .
   [0 0 0 1 3 1])
  ("columns" .
   [0 0 0 1 0 0 0])
  ("snpPosObj@ranges@start" .
   [0 0 0 0 0 0 0 0 0 0 0 0 0 0 0 0 0 1 0 0 0 0])
  ("snpPosObj@ranges" .
   [0 0 0 0 0 0 0 0 0 0 1 0 0 0 0 0])
  ("snpPosObj" .
   [0 0 0 0 1 0 0 0 0])
  ("snpEV" .
   [1 0 0 0 0])
  ("cbind" .
   [1 0 0 0 0])
  ("snpEdge" .
   [1 0 0 0 0 0 0])
  ("178" .
   [1 0 0])
  ("matrix" .
   [1 0 0 0 0 0])
  ("apply" .
   [2 0 0 0 0])
  ("pgm@vertNames" .
   [0 0 0 0 0 0 0 3 0 0 0 0 0])
  ("pgm@edges" .
   [0 0 0 2 2 0 1 0 0])
  ("a@ranges@start" .
   [0 0 0 0 0 0 0 0 0 1 0 0 0 0])
  ("a@ranges" .
   [0 0 1 0 0 0 1 0])
  ("str" .
   [1 0 0])
  ("22" .
   [1 0])
  ("vsnp" .
   [2 0 0 0])
  ("pgm" .
   [2 0 1])
  ("genNam" .
   [0 0 0 0 1 0])
  ("gene2snp" .
   [0 0 0 0 1 0 0 0])
  ("gm" .
   [4 0])
  ("function" .
   [0 0 0 1 1 0 0 0])
  ("1:length" .
   [1 0 0 0 0 0 0 0])
  ("pgene2col" .
   [0 0 0 0 0 1 3 0 0])
  ("vp" .
   [4 0])
  ("1:dim" .
   [1 0 0 0 0])
  ("duplicated" .
   [3 0 0 0 0 0 0 0 0 0])
  ("pgene" .
   [5 0 0 0 0])
  ("col" .
   [6 0 0])
  ("v1" .
   [2 0])
  ("ls" .
   [3 0])
  ("edges" .
   [2 0 0 0 1])
  ("model" .
   [2 0 0 0 0])
  ("be" .
   [1 0])
  ("convert" .
   [1 0 0 0 0 0 0])
  ("remove" .
   [1 0 0 0 0 0])
  ("processes" .
   [1 0 0 0 0 0 0 0 0])
  ("used" .
   [2 0 0 0])
  ("from" .
   [1 0 0 0])
  ("dataset" .
   [1 0 0 0 0 0 0])
  ("c" .
   [1])
  ("intersect" .
   [2 0 0 0 0 0 0 0 0])
  ("nvc" .
   [1 0 0])
  ("npdif" .
   [1 0 0 0 0])
  ("pdif" .
   [1 0 0 0])
  ("union" .
   [3 0 0 0 0])
  ("<=" .
   [1 0])
  ("is" .
   [1 0])
  ("coled2" .
   [1 0 0 0 0 0])
  ("bo" .
   [1 0])
  ("length" .
   [18 0 0 0 0 0])
  ("rep" .
   [2 0 0])
  ("colours" .
   [0 0 0 0 0 1 1])
  ("chain" .
   [1 0 0 0 0])
  ("end-of-sexp" .
   [0 0 1 0 0 0 0 0 0 0 0])
  ("kkc-region" .
   [1 0 1 0 0 0 0 0 0 0])
  ("kbd" .
   [1 0 0])
  ("ow" .
   [1 0])
  ("mac-command-modifier" .
   [0 0 0 0 0 0 1 0 0 0 0 0 0 0 0 0 0 0 0 0])
  ("mac-option-modifier" .
   [0 0 0 0 0 0 0 0 0 0 0 0 0 0 0 0 0 0 1])
  ("super" .
   [4 0 0 0 0])
  ("meta" .
   [4 0 0 0])
  ("server-start" .
   [0 0 0 0 0 0 1 0 0 0 0 0])
  ("if" .
   [3 0])
  ("none" .
   [1 0 0 0])
  ("setq" .
   [3 0 0 0])
  ("nil" .
   [8 0 0])
  ("export" .
   [2 0 0 0 0 0])
  ("load" .
   [9 0 0 0])
  ("geneIDmat.rda" .
   [0 0 0 0 0 0 1 0 0 0 0 0 0])
  ("snps" .
   [9 0 0 0])
  ("<-" .
   [13 1])
  ("unique" .
   [5 0 0 0 0 0])
  ("mapped" .
   [1 0 0 0 0 0])
  ("mapped_snps" .
   [0 0 0 0 0 0 1 0 0 0 0])
  ("colnames" .
   [3 0 0 0 0 0 0 0])
  ("snpMatrix_GW" .
   [0 0 0 1 0 0 0 0 0 0 0 0])
  ("all_names" .
   [0 0 0 0 1 0 0 0 0])
  ("of" .
   [3 0])
  ("t" .
   [1])
  ("process" .
   [3 0 0 0 0 0 0])
  ("to" .
   [2 0])
  ("->" .
   [3 0])
  ("gene" .
   [3 0 0 0])
  ("mapping" .
   [1 0 0 0 0 0 0])
  ("the" .
   [6 0 0])
  ("data" .
   [2 0 0 0])
  ("patients" .
   [3 0 1 0 0 0 0 1])
  ("map" .
   [1 0 0])
  ("genes" .
   [3 0 0 0 0])
  ("biological" .
   [1 0 0 0 0 0 0 0 0 0])
  ("map:" .
   [1 0 0 0])
  ("rm" .
   [4 0])
  ("non_patients" .
   [2 0 0 0 3 0 1 0 0 0 0 0])
  ("snps_nam" .
   [2 0 0 0 2 0 0 0])
  ("sort" .
   [2 0 0 0])
  ("n" .
   [1])
  ("calc" .
   [1 0 0 0])
  ("for" .
   [4 0 0])
  ("plot" .
   [1 0 0 0])
  ("snps_p" .
   [2 0 1 0 0 1])
  ("dim" .
   [6 0 0])
  ("and" .
   [4 0 0])
  ("status" .
   [2 0 0 0 0 0])
  ("rownames" .
   [3 0 0 0 0 0 0 0])
  ("is.element" .
   [1 0 0 1 0 0 1 0 0 0])
  ("pid" .
   [1 0 0])
  ("refine" .
   [1 0 0 0 0 0])
  ("==" .
   [3 0])
  ("print" .
   [2 0 0 0 0])
  ("m1" .
   [2 0])
  ("m2" .
   [2 0])
  ("snps_np" .
   [1 0 0 0 1 0 0])
  ("not" .
   [1 0 0])
  ("matched" .
   [1 0 0 0 0 0 0])
  ("forest_p" .
   [2 0 0 0 0 0 0 0])
  ("forward_p" .
   [1 0 0 0 1 0 1 0 1])
  ("TRUE" .
   [1 0 0 0])
  ("dbGENES" .
   [0 0 0 2 0 0 0])
  ("class" .
   [1 0 0 0 0])
  ("gsub" .
   [1 0 0 0])
  ("dbRANGES" .
   [0 0 0 2 0 0 0 0])
  ("head" .
   [3 0 0 0])
  ("X11" .
   [1 0 2])
  ("forward_p@edges" .
   [0 0 0 0 0 0 0 0 0 0 0 1 0 0 0])
  ("eg" .
   [3 0])
  ("forward_p@vertNames" .
   [0 0 0 0 0 0 0 0 0 0 0 0 0 2 0 0 0 0 0])
  ("snv1" .
   [1 0 0 0])
  ("cor" .
   [1 0 0])
  ("sn2" .
   [1 0 0])
  ("abs" .
   [3 0 0])
  ("myGRanges" .
   [0 0 1 0 0 0 0 0 0])
  ("summary" .
   [1 0 0 0 0 0 0])
  ("forward_p@p" .
   [1 0 0 0 0 0 0 0 0 0 0])
  ("forward_p@numP" .
   [1 0 0 0 0 0 0 0 0 0 0 0 0 0])))
